0:[0, 1, 3, 5, 7, 8, 9, 11]
1:[0, 1, 2, 3, 4, 5, 6, 7, 8, 9, 10, 11]
2:[1, 2, 5, 9, 10, 11]
3:[0, 2, 3, 5, 8, 10]
4:[1, 2, 8, 9]
5:[1, 2, 3, 4, 9]
6:[0, 1, 2, 3, 4, 5, 6, 7, 8, 9, 11]
7:[0, 3, 9]
8:[0, 1, 2, 3, 4, 5, 6, 7, 9, 10]
9:[0, 1, 2, 3, 4, 5, 6, 7, 8, 9, 10, 11]
10:[0, 1, 3, 7, 8]
11:[0, 4, 5, 6, 7, 8, 10]
12:[6, 7, 9, 10, 11]
13:[1, 2, 3, 4, 5, 6, 7, 8, 9, 10, 11]
14:[0, 1, 2, 3, 4, 5, 6, 7, 8, 9, 10, 11]
15:[0, 1, 2, 3, 4, 6, 8, 9, 10, 11]
16:[0, 2, 3, 4, 5, 6, 8, 9, 10, 11]
17:[2, 7]
18:[0, 1, 3, 4, 6, 7, 8, 11]
19:[2, 10]
20:[1, 2, 3, 4, 5, 6, 7, 8, 9, 10]
21:[1, 2, 3, 4, 5, 7, 8]
22:[0, 1, 2, 3, 4, 5, 6, 7, 8, 9, 10, 11]
23:[0, 1, 2, 5, 6, 7, 8, 9, 10, 11]
24:[1, 2, 4, 5, 8, 11]
25:[0, 3, 7, 10]
26:[0, 2, 3, 4, 5, 7, 8, 10, 11]
27:[0, 2, 3, 5, 6, 7, 8, 9, 10, 11]
28:[2, 6, 7, 8]
29:[5, 6, 8, 9]
30:[0, 2, 3, 5, 6, 7, 8, 9, 10]
31:[0, 3, 9, 10, 11]
32:[4, 5, 9]
33:[0, 1, 2, 4, 5, 6, 7, 8, 9, 10, 11]
34:[0, 1, 7, 9]
35:[1, 6, 9, 10]
36:[0, 2, 3, 4, 6, 7, 8, 9, 10]
37:[0, 1, 2, 4, 6, 7, 8]
38:[0, 2, 3, 5, 6, 7, 8, 9, 10, 11]
39:[2, 3, 4, 8, 9, 10, 11]
40:[0, 1, 7, 9]
41:[1, 5, 7, 8, 9]
42:[1, 3, 4, 5, 6, 7, 8, 10, 11]
43:[0, 1, 3, 4, 5, 7, 8, 9, 10, 11]
44:[1, 2, 3, 7, 9]
45:[0, 1, 3, 5, 7, 8, 11]
46:[0, 1, 2, 3, 4, 5, 6, 7, 8, 9, 10, 11]
47:[0, 1, 2, 8, 9, 10, 11]
48:[0, 2, 7, 8, 9, 10, 11]
49:[0, 1, 2, 3]
