160:[39, 8]
161:[47, 26]
162:[20, 2, 42, 21, 6]
163:[26, 29]
164:[19, 4, 30, 0, 22]
165:[34, 0, 3, 22, 21, 23, 19]
166:[31, 18]
167:[49, 18, 0, 8]
168:[32, 35]
169:[39, 41]
170:[11, 37]
171:[7, 18]
172:[0, 6]
173:[40, 0]
174:[20, 8, 0, 29]
175:[6, 0, 31]
176:[3, 0, 44, 48]
177:[19, 42]
178:[23, 9]
179:[4, 3, 41, 35]
180:[12, 45]
181:[35, 0]
182:[8, 1, 0, 49]
183:[17, 34]
184:[24, 0, 42]
185:[33, 10]
186:[36, 29, 31, 8]
187:[2, 0, 11, 17, 9, 6]
188:[17, 2]
189:[33, 0, 6, 24, 35]
190:[25, 0, 4]
191:[46, 0, 23]
192:[36, 0, 24]
193:[39, 18]
194:[14, 34]
195:[6, 49]
196:[4, 16]
197:[31, 0, 11, 47, 39]
198:[3, 0, 11, 20]
199:[3, 0, 23]
