0:[30, 9, 15]
1:[4, 1, 24]
2:[38, 1, 24]
3:[25, 24, 1, 29, 45]
4:[19, 0, 5]
5:[43, 0, 3, 9, 45]
6:[48, 34, 7, 25]
7:[19, 0, 23]
8:[39, 1, 16, 14]
9:[17, 0, 23, 47]
10:[6, 36, 9, 15]
11:[3, 0, 10, 32]
12:[39, 1, 19]
13:[25, 24, 10, 32]
14:[26, 10, 0, 44]
15:[28, 0, 2, 1]
16:[14, 0, 3, 9, 45]
17:[20, 2, 3, 9, 33]
18:[12, 3, 22]
19:[13, 3, 9, 40]
20:[37, 24, 10, 35]
21:[5, 0, 44]
22:[23, 47, 1, 16]
23:[19, 34, 48, 49]
24:[27, 3, 2, 35]
25:[0, 23, 33]
26:[49, 48, 34, 46]
27:[49, 48, 6, 36]
28:[48, 34, 7, 25]
29:[21, 3, 9, 30, 31]
30:[49, 7, 2, 10]
31:[16, 1, 2, 3]
32:[33, 9, 4, 5]
33:[48, 6, 1, 47]
34:[47, 23, 8, 21]
35:[30, 9, 33, 23]
36:[33, 23, 0, 43]
37:[22, 3, 0, 46]
38:[22, 3, 2, 40]
39:[6, 2, 8, 21]
40:[28, 0, 3, 22]
41:[12, 9, 4, 5, 26]
42:[8, 0, 3, 9]
43:[42, 0, 3, 41]
44:[21, 8, 2, 20]
45:[40, 9, 12, 44]
46:[47, 1, 2, 42]
47:[37, 16, 1]
48:[22, 3, 2, 1, 39]
49:[25, 27]
50:[39, 1, 2, 35]
51:[6, 1, 19]
52:[19, 0, 23]
53:[46, 34, 7]
54:[26, 10, 0, 46]
55:[42, 2, 20]
56:[13, 3, 7]
57:[3, 2, 1, 29]
58:[36, 6, 29]
59:[33, 23, 0, 14]
60:[26, 10, 2, 40]
61:[6, 2, 3, 22]
62:[7, 2, 0, 11]
63:[36, 6, 1, 16]
64:[13, 3, 2]
65:[39, 1, 2, 8]
66:[18, 4, 0, 10, 32]
67:[14, 0, 4, 30]
68:[5, 4, 1, 24, 25]
69:[17, 3, 27]
70:[46, 0, 8]
71:[9, 36, 6, 48]
72:[5, 4, 18]
73:[37, 24, 1, 19, 34]
74:[28, 0, 2, 20]
75:[7, 3, 13]
76:[10, 0, 3, 9, 45]
77:[21, 3, 17]
78:[28, 0, 3, 9]
79:[19, 1]
80:[29, 1, 2, 0, 46]
81:[36, 9, 33, 23]
82:[17, 0, 2, 6]
83:[44, 0, 23]
84:[23, 0, 5]
85:[16, 14, 0, 17]
86:[48, 6, 2, 0, 23]
87:[10, 0, 4, 15]
88:[17, 0, 5]
89:[8, 2, 7, 49]
90:[36, 6, 2, 10, 32]
91:[36, 9, 3]
92:[31, 29, 1, 38]
93:[20, 2, 3, 9, 45]
94:[27, 3, 9]
95:[7, 3, 9, 30]
96:[41, 3, 0, 10, 32]
97:[46, 0, 8]
98:[30, 9, 45]
99:[30, 9, 3, 7, 49]
100:[48, 6, 1, 16]
101:[26, 10, 2, 1, 47]
102:[24, 10, 0, 17]
103:[22, 3, 9, 15]
104:[49, 7, 2, 1, 39]
105:[19, 1, 39]
106:[43, 0, 3, 22]
107:[10, 0, 3]
108:[38, 34, 7]
109:[45, 9, 3]
110:[47, 1, 19, 34]
111:[33, 9, 36, 6]
112:[5, 0, 42]
113:[0, 2, 1, 38]
114:[36, 9, 3, 13]
115:[41, 3, 0, 14]
116:[48, 6, 29, 31]
117:[23, 0, 10, 24]
118:[33, 9, 3, 27]
119:[29, 31, 30]
120:[20, 2, 0, 46]
121:[5, 0, 23]
122:[24, 1, 29, 45]
123:[24, 1, 2, 3]
124:[36, 9, 30, 31]
125:[15, 4, 1]
126:[29, 1, 47, 23]
127:[33, 9, 12]
128:[14, 0, 2, 6, 36]
129:[7, 2, 1, 39]
130:[31, 29, 1, 24, 37]
131:[5, 0, 2, 7]
132:[36, 9, 18]
133:[9, 4, 1, 24]
134:[23, 0, 19, 34]
135:[38, 1, 24]
136:[32, 14, 43]
137:[3, 0, 10, 32]
138:[17, 0, 4, 18]
139:[43, 0, 4, 18]
140:[46, 0, 3, 12]
141:[36, 9, 3, 41]
142:[1, 16, 14]
143:[9, 4, 5, 26]
144:[35, 10, 14]
145:[49, 7, 3]
146:[9, 4, 1, 16]
147:[1, 38]
148:[45, 9, 3, 13]
149:[43, 0, 2, 7, 49]
150:[22, 3, 0, 23]
151:[16, 1, 2, 3, 27]
152:[26, 10, 2, 1, 38]
153:[40, 9, 18]
154:[13, 10, 14, 16]
155:[6, 2, 10, 26]
156:[15, 4, 0, 43]
157:[31, 30, 9, 3, 21]
158:[16, 14, 0, 42]
159:[20, 2, 40]
160:[39, 1, 2, 8]
161:[47, 23, 0, 10, 26]
162:[20, 2, 6]
163:[26, 10, 2, 1, 29]
164:[19, 0, 3, 22]
165:[34, 19]
166:[31, 30, 9, 18]
167:[49, 7, 2, 8]
168:[32, 10, 35]
169:[39, 1, 19, 41]
170:[11, 1, 16, 37]
171:[7, 3, 9, 18]
172:[0, 2, 6]
173:[40, 2, 0]
174:[20, 2, 1, 29]
175:[6, 29, 31]
176:[3, 7, 34, 48]
177:[19, 0, 42]
178:[23, 33, 9]
179:[4, 0, 2, 35]
180:[12, 9, 45]
181:[35, 2, 0]
182:[8, 2, 7, 49]
183:[17, 0, 19, 34]
184:[24, 10, 0, 42]
185:[33, 23, 0, 10]
186:[36, 6, 2, 8]
187:[2, 6]
188:[17, 0, 2]
189:[33, 23, 0, 2, 35]
190:[25, 24, 1, 4]
191:[46, 0, 23]
192:[36, 6, 1, 24]
193:[39, 1, 4, 18]
194:[14, 0, 19, 34]
195:[6, 48, 49]
196:[4, 1, 16]
197:[31, 29, 1, 39]
198:[3, 2, 20]
199:[3, 0, 23]
