120:[20, 13, 0, 28, 12, 9, 18, 1, 8, 46]
121:[5, 8, 6, 36, 14, 38, 28, 48, 18, 23]
122:[24, 45]
123:[24, 37, 3]
124:[36, 24, 45, 3, 22, 44, 40, 31]
125:[15, 5, 10, 3, 32, 14, 33, 7, 1]
126:[29, 21, 18, 5, 0, 44, 6, 36, 9, 23]
127:[33, 25, 22, 0, 4, 15, 2, 42, 26, 12]
128:[14, 25, 36]
129:[7, 9, 3, 21, 4, 15, 47, 31, 30, 39]
130:[31, 0, 10, 20, 4, 30, 13, 37]
131:[5, 32, 47, 19, 1, 16, 2, 20, 37, 7]
132:[36, 41, 10, 28, 11, 25, 1, 30, 4, 18]
133:[9, 24]
134:[23, 0, 24, 21, 18, 49, 48, 42, 41, 34]
135:[38, 1, 42, 12, 39, 0, 11, 23, 24]
136:[32, 12, 44, 0, 43]
137:[3, 20, 48, 2, 40, 36, 8, 10, 32]
138:[17, 21, 34, 32, 19, 45, 3, 27, 18]
139:[43, 31, 1, 38, 0, 4, 18]
140:[46, 9, 0, 44, 2, 20, 25, 12]
141:[36, 3, 4, 9, 31, 10, 6, 41]
142:[1, 11, 0, 32, 35, 7, 9, 8, 43, 14]
143:[9, 10, 20, 14, 43, 26]
144:[35, 13, 16, 22, 1, 11, 7, 32, 14]
145:[49, 19, 41, 40, 3]
146:[9, 36, 2, 19, 12, 37, 16]
147:[1, 39, 49, 20, 0, 11, 28, 2, 34, 38]
148:[45, 33, 7, 5, 26, 6, 49, 0, 42, 13]
149:[43, 0, 42, 3, 12, 49]
