0:[30, 9, 15]
1:[4, 1, 24]
2:[38, 1, 24]
3:[25, 24, 1, 29, 45]
4:[19, 0, 5]
5:[43, 0, 3, 9, 45]
6:[48, 34, 7, 25]
7:[19, 0, 23]
8:[39, 1, 16, 14]
9:[17, 0, 23, 47]
10:[6, 36, 9, 15]
11:[3, 0, 10, 32]
12:[39, 1, 19]
13:[25, 24, 10, 32]
14:[26, 10, 0, 44]
15:[28, 0, 2, 1]
16:[14, 0, 3, 9, 45]
17:[20, 2, 3, 9, 33]
18:[12, 3, 22]
19:[13, 3, 9, 40]
20:[37, 24, 10, 35]
21:[5, 0, 44]
22:[23, 47, 1, 16]
23:[19, 34, 48, 49]
24:[27, 3, 2, 35]
25:[0, 23, 33]
26:[49, 48, 34, 46]
27:[49, 48, 6, 36]
28:[48, 34, 7, 25]
29:[21, 3, 9, 30, 31]
30:[49, 7, 2, 10]
31:[16, 1, 2, 3]
32:[33, 9, 4, 5]
33:[48, 6, 1, 47]
34:[47, 23, 8, 21]
35:[30, 9, 33, 23]
36:[33, 23, 0, 43]
37:[22, 3, 0, 46]
38:[22, 3, 2, 40]
39:[6, 2, 8, 21]
40:[28, 0, 3, 22]
41:[12, 9, 4, 5, 26]
42:[8, 0, 3, 9]
43:[42, 0, 3, 41]
44:[21, 8, 2, 20]
45:[40, 9, 12, 44]
46:[47, 1, 2, 42]
47:[37, 16, 1]
48:[22, 3, 2, 1, 39]
49:[25, 27]
