80:[29, 5, 21, 8, 37, 16, 36, 28, 46]
81:[36, 25, 0, 33, 4, 1, 39, 2, 28, 23]
82:[17, 38, 1, 28, 8, 39, 46, 41, 20, 6]
83:[44, 12, 36, 15, 7, 22, 35, 23]
84:[23, 9, 30, 10, 26, 0, 19, 13, 28, 5]
85:[16, 29, 31, 17]
86:[48, 4, 30, 24, 13, 43, 14, 2, 20, 23]
87:[10, 29, 31, 19, 41, 49, 14, 15]
88:[17, 4, 15, 2, 42, 1, 38, 29, 5]
89:[8, 14, 43, 6, 36, 4, 9, 15, 38, 49]
90:[36, 23, 33, 0, 37, 2, 45, 12, 32]
91:[36, 11, 10, 14, 32, 43, 6, 1, 3]
92:[31, 30, 19, 42, 3, 41, 43, 23, 1, 38]
93:[20, 34, 46, 48, 19, 9, 4, 31, 42, 45]
94:[27, 15, 33, 26, 4, 25, 14, 2, 42, 9]
95:[7, 9, 36, 1, 3, 12, 30]
96:[41, 8, 28, 23, 33, 14, 43, 21, 32]
97:[46, 4, 22, 7, 0, 11, 43, 14, 8]
98:[30, 4, 15, 49, 35, 0, 6, 11, 47, 45]
99:[30, 42, 39, 37, 0, 11, 46, 1, 38, 49]
