0:[0, 1, 2, 3, 5, 7, 8, 9, 11]
1:[0, 3, 4, 9, 11]
2:[5, 6, 11]
3:[5, 9, 11]
4:[1, 2, 5, 6, 9, 10, 11]
5:[3, 8, 11]
6:[0, 1, 2, 4, 5, 7, 8, 10]
7:[0, 1, 2, 3, 4, 5, 6, 7, 8, 9, 10, 11]
8:[0, 1, 3, 4, 7, 8, 9, 10, 11]
9:[0, 2, 6, 7]
10:[0, 1, 2, 3, 4, 5, 6, 7, 8, 9, 10, 11]
11:[0, 1, 2, 3, 4, 5, 6, 7, 8, 9, 10, 11]
12:[0, 1, 2, 3, 4, 5, 6, 7, 8, 9, 10]
13:[1, 2, 4, 5, 6, 9, 11]
14:[0, 1, 3, 4, 5, 6, 7, 8, 9, 10, 11]
15:[0, 4, 8, 10]
16:[1, 3, 8, 11]
17:[1, 4, 5, 6, 9, 11]
18:[0, 2, 3, 4, 5, 6, 7, 8, 9, 10, 11]
19:[0, 2, 3, 4, 5, 6, 7, 8, 9, 10]
20:[0, 1, 2, 3, 4, 5, 7, 8, 9, 11]
21:[1, 3, 4, 5, 7, 9, 11]
22:[0, 1, 2, 3, 4, 5, 6, 7, 8, 10, 11]
23:[0, 1, 2, 5, 6, 7, 8, 10]
24:[4, 6, 11]
25:[1, 2, 4, 5, 8]
26:[0, 3, 7, 10, 11]
27:[0, 4, 5, 7, 8, 9, 11]
28:[0, 2, 3, 5, 7, 8, 9, 11]
29:[2, 8, 9]
30:[2, 5, 6, 7, 11]
31:[0, 2, 3, 4, 5, 6, 7, 8, 9, 10]
32:[0, 1, 2, 3, 10, 11]
33:[0, 1, 2, 3, 4, 5, 6, 7, 8, 9, 10, 11]
34:[0, 1, 2, 7, 9]
35:[3, 6, 7, 9]
36:[4, 7, 9]
37:[0, 1, 2, 3, 4, 5, 7, 8, 9, 10, 11]
38:[0, 3, 8, 9, 11]
39:[2, 4, 5, 6, 10]
40:[1, 2, 3, 4, 8, 9, 10, 11]
41:[0, 1, 2, 3, 4, 6, 7, 8, 9, 10]
42:[2, 3, 4, 5, 6, 7, 10, 11]
43:[1, 3, 5, 7, 8, 11]
44:[0, 1, 2, 3, 4, 5, 6, 7, 8, 10, 11]
45:[0, 2, 5, 8]
46:[0, 1, 2, 3, 5, 6, 7, 8, 9, 11]
47:[0, 1, 2, 5, 6, 7, 8, 10, 11]
48:[2, 4, 5]
49:[0, 1, 2, 3, 5, 7, 8, 9, 10, 11]
