0:[39, 1, 16, 14]
1:[17, 0, 23, 47]
2:[6, 36, 9, 15]
3:[3, 0, 10, 32]
4:[39, 1, 19]
5:[25, 24, 10, 32]
6:[26, 10, 0, 44]
7:[28, 0, 2, 1]
8:[14, 0, 3, 9, 45]
9:[20, 2, 3, 9, 33]
10:[12, 3, 22]
11:[13, 3, 9, 40]
12:[37, 24, 10, 35]
13:[5, 0, 44]
14:[23, 47, 1, 16]
15:[19, 34, 48, 49]
16:[27, 3, 2, 35]
17:[0, 23, 33]
18:[49, 48, 34, 46]
19:[49, 48, 6, 36]
20:[48, 34, 7, 25]
21:[21, 3, 9, 30, 31]
22:[49, 7, 2, 10]
23:[16, 1, 2, 3]
24:[33, 9, 4, 5]
25:[48, 6, 1, 47]
26:[47, 23, 8, 21]
27:[30, 9, 33, 23]
28:[33, 23, 0, 43]
29:[22, 3, 0, 46]
30:[22, 3, 2, 40]
31:[6, 2, 8, 21]
32:[28, 0, 3, 22]
33:[12, 9, 4, 5, 26]
34:[8, 0, 3, 9]
35:[42, 0, 3, 41]
36:[21, 8, 2, 20]
37:[40, 9, 12, 44]
38:[47, 1, 2, 42]
39:[37, 16, 1]
40:[22, 3, 2, 1, 39]
41:[25, 27]
42:[39, 1, 2, 35]
43:[6, 1, 19]
44:[19, 0, 23]
45:[46, 34, 7]
46:[26, 10, 0, 46]
47:[42, 2, 20]
48:[13, 3, 7]
49:[3, 2, 1, 29]
50:[36, 6, 29]
51:[33, 23, 0, 14]
52:[26, 10, 2, 40]
53:[6, 2, 3, 22]
54:[7, 2, 0, 11]
55:[36, 6, 1, 16]
56:[13, 3, 2]
57:[39, 1, 2, 8]
58:[18, 4, 0, 10, 32]
59:[14, 0, 4, 30]
60:[5, 4, 1, 24, 25]
61:[17, 3, 27]
62:[46, 0, 8]
63:[9, 36, 6, 48]
64:[5, 4, 18]
65:[37, 24, 1, 19, 34]
66:[28, 0, 2, 20]
67:[7, 3, 13]
68:[10, 0, 3, 9, 45]
69:[21, 3, 17]
70:[28, 0, 3, 9]
71:[19, 1]
72:[29, 1, 2, 0, 46]
73:[36, 9, 33, 23]
74:[17, 0, 2, 6]
75:[44, 0, 23]
76:[23, 0, 5]
77:[16, 14, 0, 17]
78:[48, 6, 2, 0, 23]
79:[10, 0, 4, 15]
80:[17, 0, 5]
81:[8, 2, 7, 49]
82:[36, 6, 2, 10, 32]
83:[36, 9, 3]
84:[31, 29, 1, 38]
85:[20, 2, 3, 9, 45]
86:[27, 3, 9]
87:[7, 3, 9, 30]
88:[41, 3, 0, 10, 32]
89:[46, 0, 8]
90:[30, 9, 45]
91:[30, 9, 3, 7, 49]
92:[48, 6, 1, 16]
93:[26, 10, 2, 1, 47]
94:[24, 10, 0, 17]
95:[22, 3, 9, 15]
96:[49, 7, 2, 1, 39]
97:[19, 1, 39]
98:[43, 0, 3, 22]
99:[10, 0, 3]
