0:[39, 1, 16, 14]
1:[17, 0, 23, 47]
2:[6, 36, 9, 15]
3:[3, 0, 10, 32]
4:[39, 1, 19]
5:[25, 24, 10, 32]
6:[26, 10, 0, 44]
7:[28, 0, 2, 1]
8:[14, 0, 3, 9, 45]
9:[20, 2, 3, 9, 33]
10:[12, 3, 22]
11:[13, 3, 9, 40]
12:[37, 24, 10, 35]
13:[5, 0, 44]
14:[23, 47, 1, 16]
15:[19, 34, 48, 49]
16:[27, 3, 2, 35]
17:[0, 23, 33]
18:[49, 48, 34, 46]
19:[49, 48, 6, 36]
20:[48, 34, 7, 25]
21:[21, 3, 9, 30, 31]
22:[49, 7, 2, 10]
23:[16, 1, 2, 3]
24:[33, 9, 4, 5]
25:[48, 6, 1, 47]
26:[47, 23, 8, 21]
27:[30, 9, 33, 23]
28:[33, 23, 0, 43]
29:[22, 3, 0, 46]
30:[22, 3, 2, 40]
31:[6, 2, 8, 21]
32:[28, 0, 3, 22]
33:[12, 9, 4, 5, 26]
34:[8, 0, 3, 9]
35:[42, 0, 3, 41]
36:[21, 8, 2, 20]
37:[40, 9, 12, 44]
38:[47, 1, 2, 42]
39:[37, 16, 1]
40:[22, 3, 2, 1, 39]
41:[25, 27]
42:[39, 1, 2, 35]
43:[6, 1, 19]
44:[19, 0, 23]
45:[46, 34, 7]
46:[26, 10, 0, 46]
47:[42, 2, 20]
48:[13, 3, 7]
49:[3, 2, 1, 29]
