0:[0, 1, 2, 3, 4, 5, 7, 8, 9, 11]
1:[0, 2, 3, 4, 6, 9, 10, 11]
2:[4, 5, 9, 11]
3:[1, 5, 8, 9, 11]
4:[0, 1, 2, 3, 4, 6, 8, 9]
5:[1, 2, 3, 4, 8, 10]
6:[0, 1, 3, 4, 8, 9, 10]
7:[4, 5, 6, 7, 10, 11]
8:[0, 1, 3, 4, 5, 6, 7, 8, 9, 10, 11]
9:[0, 3, 4, 5, 6, 7, 8, 9, 10, 11]
10:[0, 1, 2, 3, 4, 6, 7, 8, 9, 11]
11:[0, 1, 3, 4, 6, 7, 8, 9, 10]
12:[0, 1, 2, 4, 5, 6, 7, 8, 9, 10]
13:[0, 1, 2, 3, 4, 5, 6, 7, 8, 9, 10, 11]
14:[0, 1, 3, 4, 8, 9, 10, 11]
15:[4, 5, 6, 8, 9]
16:[0, 4, 5, 8, 9, 10]
17:[0, 2, 3, 4, 5, 6, 7, 8, 10, 11]
18:[1, 7, 9, 10, 11]
19:[2, 3, 8, 10]
20:[1, 2, 3, 4, 6, 7, 8, 9]
21:[2, 3, 5, 7, 8, 9, 10, 11]
22:[2, 3, 4, 5, 6, 8, 9, 11]
23:[1, 5, 7, 8, 9, 11]
24:[0, 4, 6, 9, 10]
25:[1, 2, 4, 5, 8, 10]
26:[0, 1, 2, 3, 5, 6, 7, 8, 9, 10, 11]
27:[0, 2, 3, 5, 6, 7, 8, 9, 11]
28:[2, 6, 7, 8, 10, 11]
29:[0, 1, 2, 3, 4, 5, 6, 7, 8, 9, 10, 11]
30:[0, 1, 3, 5]
31:[0, 1, 4, 5, 7, 8, 9, 10]
32:[2, 3, 5, 6, 9]
33:[1, 7, 9, 10]
34:[1, 6, 7, 9, 10, 11]
35:[4, 7, 8, 9]
36:[5, 8, 9, 11]
37:[2, 4, 7, 9]
38:[0, 1, 3, 8, 9, 11]
39:[1, 2, 4, 5, 6, 7, 9, 10, 11]
40:[0, 1, 2, 4, 6, 7, 8, 11]
41:[4, 5, 7, 8, 11]
42:[0, 1, 3, 4, 5, 6, 8, 10, 11]
43:[0, 1, 3, 4, 7, 8, 9, 10, 11]
44:[0, 1, 2, 4, 5, 6, 7, 8, 9, 10, 11]
45:[0, 1, 2, 3, 4, 6, 7, 8, 9, 10, 11]
46:[0, 2, 4, 7, 8, 10]
47:[0, 1, 2, 3, 5, 6, 7, 8, 9, 10, 11]
48:[1, 3, 4, 6, 7]
49:[1, 2, 4, 5, 6, 7, 8, 9, 10, 11]
