0:[5, 0, 19, 34, 48]
1:[47, 23, 8, 21]
2:[30, 9, 33, 23]
3:[33, 23, 0, 43]
4:[22, 3, 0, 46]
5:[22, 3, 2, 40]
6:[6, 2, 8, 21]
7:[28, 0, 3, 22]
8:[12, 9, 4, 5, 26]
9:[8, 0, 3, 9]
10:[42, 0, 3, 41]
11:[21, 8, 2, 20]
12:[40, 9, 12, 44]
13:[47, 1, 2, 42]
14:[37, 16, 1]
15:[22, 3, 2, 1, 39]
16:[25, 27]
17:[39, 1, 2, 35]
18:[6, 1, 19]
19:[19, 0, 23]
20:[46, 34, 7]
21:[26, 10, 0, 46]
22:[42, 2, 20]
23:[13, 3, 7]
24:[3, 2, 1, 29]
25:[36, 6, 29]
26:[33, 23, 0, 14]
27:[26, 10, 2, 40]
28:[6, 2, 3, 22]
29:[7, 2, 0, 11]
30:[36, 6, 1, 16]
31:[13, 3, 2]
32:[39, 1, 2, 8]
33:[18, 4, 0, 10, 32]
34:[14, 0, 4, 30]
35:[5, 4, 1, 24, 25]
36:[17, 3, 27]
37:[46, 0, 8]
38:[9, 36, 6, 48]
39:[5, 4, 18]
40:[37, 24, 1, 19, 34]
41:[28, 0, 2, 20]
42:[7, 3, 13]
43:[10, 0, 3, 9, 45]
44:[21, 3, 17]
45:[28, 0, 3, 9]
46:[19, 1]
47:[29, 1, 2, 0, 46]
48:[36, 9, 33, 23]
49:[17, 0, 2, 6]
50:[44, 0, 23]
51:[23, 0, 5]
52:[16, 14, 0, 17]
53:[48, 6, 2, 0, 23]
54:[10, 0, 4, 15]
55:[17, 0, 5]
56:[8, 2, 7, 49]
57:[36, 6, 2, 10, 32]
58:[36, 9, 3]
59:[31, 29, 1, 38]
60:[20, 2, 3, 9, 45]
61:[27, 3, 9]
62:[7, 3, 9, 30]
63:[41, 3, 0, 10, 32]
64:[46, 0, 8]
65:[30, 9, 45]
66:[30, 9, 3, 7, 49]
67:[48, 6, 1, 16]
68:[26, 10, 2, 1, 47]
69:[24, 10, 0, 17]
70:[22, 3, 9, 15]
71:[49, 7, 2, 1, 39]
72:[19, 1, 39]
73:[43, 0, 3, 22]
74:[10, 0, 3]
75:[38, 34, 7]
76:[45, 9, 3]
77:[47, 1, 19, 34]
78:[33, 9, 36, 6]
79:[5, 0, 42]
80:[0, 2, 1, 38]
81:[36, 9, 3, 13]
82:[41, 3, 0, 14]
83:[48, 6, 29, 31]
84:[23, 0, 10, 24]
85:[33, 9, 3, 27]
86:[29, 31, 30]
87:[20, 2, 0, 46]
88:[5, 0, 23]
89:[24, 1, 29, 45]
90:[24, 1, 2, 3]
91:[36, 9, 30, 31]
92:[15, 4, 1]
93:[29, 1, 47, 23]
94:[33, 9, 12]
95:[14, 0, 2, 6, 36]
96:[7, 2, 1, 39]
97:[31, 29, 1, 24, 37]
98:[5, 0, 2, 7]
99:[36, 9, 18]
100:[9, 4, 1, 24]
101:[23, 0, 19, 34]
102:[38, 1, 24]
103:[32, 14, 43]
104:[3, 0, 10, 32]
105:[17, 0, 4, 18]
106:[43, 0, 4, 18]
107:[46, 0, 3, 12]
108:[36, 9, 3, 41]
109:[1, 16, 14]
110:[9, 4, 5, 26]
111:[35, 10, 14]
112:[49, 7, 3]
113:[9, 4, 1, 16]
114:[1, 38]
115:[45, 9, 3, 13]
116:[43, 0, 2, 7, 49]
117:[22, 3, 0, 23]
118:[16, 1, 2, 3, 27]
119:[26, 10, 2, 1, 38]
120:[40, 9, 18]
121:[13, 10, 14, 16]
122:[6, 2, 10, 26]
123:[15, 4, 0, 43]
124:[31, 30, 9, 3, 21]
125:[16, 14, 0, 42]
126:[20, 2, 40]
127:[39, 1, 2, 8]
128:[47, 23, 0, 10, 26]
129:[20, 2, 6]
130:[26, 10, 2, 1, 29]
131:[19, 0, 3, 22]
132:[34, 19]
133:[31, 30, 9, 18]
134:[49, 7, 2, 8]
135:[32, 10, 35]
136:[39, 1, 19, 41]
137:[11, 1, 16, 37]
138:[7, 3, 9, 18]
139:[0, 2, 6]
140:[40, 2, 0]
141:[20, 2, 1, 29]
142:[6, 29, 31]
143:[3, 7, 34, 48]
144:[19, 0, 42]
145:[23, 33, 9]
146:[4, 0, 2, 35]
147:[12, 9, 45]
148:[35, 2, 0]
149:[8, 2, 7, 49]
150:[17, 0, 19, 34]
151:[24, 10, 0, 42]
152:[33, 23, 0, 10]
153:[36, 6, 2, 8]
154:[2, 6]
155:[17, 0, 2]
156:[33, 23, 0, 2, 35]
157:[25, 24, 1, 4]
158:[46, 0, 23]
159:[36, 6, 1, 24]
160:[39, 1, 4, 18]
161:[14, 0, 19, 34]
162:[6, 48, 49]
163:[4, 1, 16]
164:[31, 29, 1, 39]
165:[3, 2, 20]
166:[3, 0, 23]
167:[43, 0, 4, 18]
168:[27, 3, 21]
169:[7, 3, 17]
170:[26, 5]
171:[14, 16, 1, 47]
172:[40, 2, 7, 49]
173:[9, 45]
174:[6, 1, 38]
175:[42, 0, 14, 16]
176:[22, 7, 49]
177:[15, 9, 3]
178:[5, 0, 8]
179:[1, 2, 0]
180:[18, 4, 0, 10]
181:[13, 3, 22]
182:[25, 24, 10]
183:[2, 1, 24, 37]
184:[33, 23, 0, 42]
185:[6, 2, 7]
186:[38, 1, 16]
187:[39, 1, 6, 36]
188:[18, 9, 3]
189:[38, 1, 2, 10]
190:[41, 3, 0, 4]
191:[8, 2, 20]
192:[19, 0, 2, 40]
193:[21, 3, 7, 49]
194:[5, 0, 19, 34, 48]
195:[28, 0, 2, 35]
196:[34, 19, 1, 29, 31]
197:[34, 48, 49]
198:[7, 3, 17]
199:[11, 1]
