0:[5, 0, 19, 34, 48]
1:[47, 23, 8, 21]
2:[30, 9, 33, 23]
3:[33, 23, 0, 43]
4:[22, 3, 0, 46]
5:[22, 3, 2, 40]
6:[6, 2, 8, 21]
7:[28, 0, 3, 22]
8:[12, 9, 4, 5, 26]
9:[8, 0, 3, 9]
10:[42, 0, 3, 41]
11:[21, 8, 2, 20]
12:[40, 9, 12, 44]
13:[47, 1, 2, 42]
14:[37, 16, 1]
15:[22, 3, 2, 1, 39]
16:[25, 27]
17:[39, 1, 2, 35]
18:[6, 1, 19]
19:[19, 0, 23]
20:[46, 34, 7]
21:[26, 10, 0, 46]
22:[42, 2, 20]
23:[13, 3, 7]
24:[3, 2, 1, 29]
25:[36, 6, 29]
26:[33, 23, 0, 14]
27:[26, 10, 2, 40]
28:[6, 2, 3, 22]
29:[7, 2, 0, 11]
30:[36, 6, 1, 16]
31:[13, 3, 2]
32:[39, 1, 2, 8]
33:[18, 4, 0, 10, 32]
34:[14, 0, 4, 30]
35:[5, 4, 1, 24, 25]
36:[17, 3, 27]
37:[46, 0, 8]
38:[9, 36, 6, 48]
39:[5, 4, 18]
40:[37, 24, 1, 19, 34]
41:[28, 0, 2, 20]
42:[7, 3, 13]
43:[10, 0, 3, 9, 45]
44:[21, 3, 17]
45:[28, 0, 3, 9]
46:[19, 1]
47:[29, 1, 2, 0, 46]
48:[36, 9, 33, 23]
49:[17, 0, 2, 6]
